63 14 -55 -32
98 35 6 -38
51 46 4 46
22 3 5 -47
19 31 50 -1
44 64 -19 -85
6 9 34 -54
99 20 23 -12
32 56 84 -96
80 78 -10 47
18 88 91 64
4 34 39 -49
43 64 -18 -28
73 74 26 -88
37 19 39 -40
38 27 49 -95
96 34 35 94
21 90 -51 -42
67 16 -74 -61
50 82 84 68
42 45 83 98
95 62 71 81
37 58 -62 7
63 90 47 75
33 82 -43 31
24 66 -29 -66
98 49 57 1
22 20 -22 -75
93 48 5 -60
16 3 63 86
91 81 -38 -86
5 83 -22 83
89 27 99 42
54 5 -89 11
79 60 35 52
42 50 -44 28
50 34 -36 65
65 92 9 -85
5 53 -70 -84
6 68 -68 8
78 98 81 69
6 37 -95 -68
7 11 -87 16
0 65 61 -43
37 38 -99 28
79 74 20 42
20 22 -6 26
48 96 58 45
88 93 -57 3
72 86 -73 -85
74 32 27 68
89 66 71 -67
7 102 -50 55
42 16 -90 85
62 99 46 -70
15 32 96 57
96 61 52 -15
56 55 92 44
45 46 -81 -71
11 73 6 -51
53 61 2 9
64 100 97 73
35 49 -53 14
86 35 80 -46
38 27 -91 87
89 97 8 53
58 58 -1 16
53 55 10 22
84 82 -39 61
62 50 -55 74
72 31 -81 92
71 60 -65 66
47 81 97 -30
88 3 -68 23
38 37 40 -81
37 81 39 98
25 23 68 -69
22 10 -79 -68
47 0 -33 -62
24 25 31 -83
22 57 95 -6
81 5 -36 33
72 89 72 39
26 12 23 27
5 7 -44 -19
55 90 -36 92
90 66 53 1
19 99 24 16
15 87 87 -56
33 30 -9 -22
68 71 65 -52
97 6 -41 69
0 42 88 38
24 23 95 -32
38 26 -71 41
59 9 26 96
21 81 95 -6
49 16 21 62
71 51 -29 -80
42 57 -20 10
61 88 25 7
65 50 -20 -73
17 15 6 -31
54 94 65 -26
30 6 58 19
40 64 49 -99
53 54 27 -37
59 67 -37 89
53 90 -9 -82
8 20 -87 -17
21 65 86 -14
78 27 13 -87
83 67 99 75
66 14 59 -92
85 85 16 69
90 102 -76 -63
30 82 94 49
18 13 88 -2
51 77 -83 2
6 3 13 -71
50 52 -72 -16
52 16 -63 -54
100 23 -14 -98
22 55 -21 -15
50 53 83 -30
99 23 -42 38
26 56 95 -96
80 101 -84 74
48 81 -69 -14
67 66 91 -73
98 67 43 67
12 33 51 -97
29 68 -16 52
92 16 6 -84
26 53 -88 66
29 49 43 73
55 77 37 53
43 37 83 -16
37 74 85 45
22 30 -42 72
64 35 -49 36
83 49 -57 -67
66 50 83 28
26 87 86 2
70 63 35 51
40 99 86 -55
92 83 43 53
26 49 4 -45
26 16 56 -30
76 3 -75 11
9 20 13 87
60 43 8 -44
93 39 61 -53
24 54 -77 53
63 41 18 28
94 28 -39 86
13 31 -32 72
26 102 -44 -47
47 74 57 45
23 85 39 -4
70 10 -65 -55
10 53 18 97
34 26 -52 -17
62 71 45 8
63 10 58 -62
89 60 -97 -26
58 67 74 60
1 101 -39 -19
47 24 66 27
95 52 -49 -89
59 28 83 -2
54 42 47 -96
6 75 49 -51
63 4 -8 -93
11 92 2 -23
36 37 20 15
10 10 -97 -19
17 16 -42 5
73 69 -28 -64
21 5 58 5
70 49 39 -72
6 59 -87 89
73 75 -65 1
9 92 87 -29
31 51 85 6
24 76 -65 21
91 75 -30 -79
75 20 72 -16
32 70 -43 45
68 21 -91 -3
100 19 61 37
22 0 41 18
5 3 69 -41
36 61 -62 -59
48 73 -63 -94
43 84 11 -79
40 14 57 34
19 51 77 95
70 33 15 61
30 46 -67 79
66 87 14 27
1 63 82 -18
9 60 10 70
81 48 24 -50
31 68 86 67
28 54 66 -66
22 35 99 85
1 26 -37 85
13 65 15 45
92 5 -83 49
63 21 -18 5
73 99 -33 83
33 49 -71 -36
70 27 -37 -83
70 12 44 -46
28 12 49 -54
73 102 19 -76
13 38 49 35
75 88 -38 2
42 53 -90 -14
93 84 -96 -87
37 94 49 90
17 46 -88 -96
52 32 -66 -29
51 34 -97 99
59 81 28 24
74 60 -93 14
18 24 59 -68
91 15 -15 32
94 60 77 15
71 28 -10 -90
94 88 60 -91
25 38 16 -78
84 22 -76 -26
80 18 17 -47
5 3 86 84
87 71 -57 -50
95 84 16 -85
14 16 41 -76
24 65 14 -88
47 50 67 -96
18 41 -80 51
32 37 -64 60
59 12 27 70
41 64 -82 80
26 35 61 -28
43 87 48 61
54 2 92 -32
11 29 -96 -8
76 29 17 -68
68 20 27 87
72 38 -92 -31
21 88 -50 53
13 15 -85 99
28 57 72 -29
54 49 3 2
41 21 29 -93
41 96 -16 -57
62 27 64 -9
71 16 82 -25
36 23 -99 13
65 63 -99 -33
96 15 -3 49
2 5 70 -64
12 78 -56 -91
90 3 -80 -4
19 33 49 -2
46 8 -38 -81
95 69 -67 -87
67 92 -7 -65
86 101 -57 18
24 91 48 39
0 67 70 -44
65 59 48 -57
60 99 -63 83
99 61 80 15
23 41 77 65
6 73 3 31
86 91 71 -49
67 49 56 -97
4 14 15 -18
41 4 39 26
88 41 33 57
79 30 63 -38
14 92 3 91
47 7 75 -27
67 55 -28 -88
94 8 19 -94
69 76 -65 -36
70 98 82 91
7 87 -4 68
53 89 -73 -93
94 31 70 -61
1 68 43 74
85 10 -57 48
5 101 86 16
16 27 -87 -83
92 9 15 70
100 13 49 -29
20 24 59 93
35 19 -52 -84
3 96 97 77
55 15 74 41
87 88 80 16
81 33 -57 87
91 93 -17 19
23 68 -15 45
91 56 7 -96
30 31 -34 -90
0 59 88 -29
73 50 -76 83
63 17 -19 -69
23 89 -42 2
77 45 91 14
13 4 89 85
8 12 43 -77
29 12 19 45
66 36 11 -39
80 32 12 -14
25 19 28 38
52 95 65 -12
79 82 -2 61
68 27 -19 -16
24 74 -33 -28
24 1 -6 -27
92 39 34 -96
91 1 -30 92
42 83 21 -50
70 10 -57 -19
23 20 49 -76
75 100 17 61
36 76 94 39
24 76 87 74
44 10 -17 4
55 11 28 34
68 89 -67 52
5 10 42 -77
80 83 81 -80
68 69 10 96
57 88 -64 71
40 68 -90 30
17 74 68 -58
57 11 84 -24
61 30 29 57
29 88 20 54
92 6 -86 -11
17 50 4 -74
27 4 -52 -70
11 55 14 -81
73 83 -93 68
10 50 14 7
16 6 -60 -3
15 101 69 69
44 15 -83 51
11 7 -23 -25
9 19 41 71
72 56 -33 -61
22 50 -15 14
19 8 76 -78
67 32 -11 -46
32 13 -51 99
74 99 -30 -42
56 37 65 13
13 94 -41 -49
32 26 76 -54
74 44 44 57
20 72 -24 -35
20 12 -4 40
29 50 58 -58
56 55 48 43
67 40 45 -67
43 17 29 -10
25 33 -11 35
31 43 -79 87
56 1 81 -52
83 90 44 54
95 38 15 21
38 52 10 -23
5 3 -13 -85
100 95 -97 -37
92 49 17 -59
68 49 -56 7
77 4 -47 85
26 74 40 -50
70 7 -71 10
89 8 34 -48
4 93 33 91
11 22 24 -52
38 34 2 -75
35 72 67 -80
80 79 82 -95
90 64 -95 30
20 31 -42 -9
94 24 60 -2
15 37 -88 -97
6 94 51 98
67 99 -23 57
21 78 51 -80
57 101 74 33
33 83 30 10
44 55 -64 -7
52 100 -26 -34
92 7 71 48
34 101 21 4
9 56 96 88
97 6 -61 -87
77 31 90 57
3 6 88 34
35 52 -75 1
29 28 31 -17
38 59 -16 36
7 1 -87 85
25 36 -42 -76
81 6 53 77
66 1 56 -22
85 19 80 78
70 15 72 63
92 9 -46 64
100 42 -48 14
9 25 -59 -23
69 4 51 -91
77 85 -45 5
54 80 -7 72
63 1 34 -47
69 80 99 76
6 52 -46 -21
23 75 -7 52
89 40 43 21
85 88 -57 1
90 52 6 -89
10 93 96 76
3 68 79 -6
9 93 -59 54
68 78 -72 52
79 95 -92 -33
52 46 42 85
18 51 -51 80
76 51 -49 41
87 92 -98 12
44 19 57 -24
15 69 13 67
93 81 -58 10
5 80 33 -87
41 40 85 -82
99 45 -2 7
84 101 21 -79
31 63 29 75
17 54 -69 -22
25 38 77 -82
1 16 -31 -39
84 85 -48 53
46 80 44 -13
49 85 -55 99
66 77 54 -21
7 92 -51 48
61 48 63 36
87 46 -85 -8
20 80 -17 -42
70 80 52 -88
55 100 58 41
48 10 -81 -40
29 80 -11 -24
50 34 -71 -23
5 24 -40 -1
39 29 -80 -55
35 66 48 -43
26 57 -78 -96
6 30 52 73
15 97 24 91
69 21 64 97
97 25 81 -46
13 1 15 93
17 36 17 20
50 54 64 -43
83 94 27 -56
65 57 -83 74
98 87 80 2
52 20 -67 -18
87 77 -22 82
87 63 98 74
21 67 -66 -72
82 65 26 24
48 77 23 -61
89 63 54 -13
90 3 -57 -71
12 19 36 -1
29 29 87 6
2 94 60 3
12 4 65 -21
99 65 10 -93
39 90 -35 -11
57 99 64 -3
23 20 -36 -69
0 41 15 37
56 44 -10 66
94 84 81 18
51 25 75 -76
23 70 -33 90
68 76 -29 74
92 23 43 20